name: ['fl_caster_rotation_joint', 'fl_caster_l_wheel_joint', 'fl_caster_r_wheel_joint', 'fr_caster_rotation_joint', 'fr_caster_l_wheel_joint', 'fr_caster_r_wheel_joint', 'bl_caster_rotation_joint', 'bl_caster_l_wheel_joint', 'bl_caster_r_wheel_joint', 'br_caster_rotation_joint', 'br_caster_l_wheel_joint', 'br_caster_r_wheel_joint', 'torso_lift_joint', 'torso_lift_motor_screw_joint', 'head_pan_joint', 'head_tilt_joint', 'laser_tilt_mount_joint', 'r_upper_arm_roll_joint', 'r_shoulder_pan_joint', 'r_shoulder_lift_joint', 'r_forearm_roll_joint', 'r_elbow_flex_joint', 'r_wrist_flex_joint', 'r_wrist_roll_joint', 'r_gripper_joint', 'r_gripper_l_finger_joint', 'r_gripper_r_finger_joint', 'r_gripper_r_finger_tip_joint', 'r_gripper_l_finger_tip_joint', 'r_gripper_motor_screw_joint', 'r_gripper_motor_slider_joint', 'l_upper_arm_roll_joint', 'l_shoulder_pan_joint', 'l_shoulder_lift_joint', 'l_forearm_roll_joint', 'l_elbow_flex_joint', 'l_wrist_flex_joint', 'l_wrist_roll_joint', 'l_gripper_joint', 'l_gripper_l_finger_joint', 'l_gripper_r_finger_joint', 'l_gripper_r_finger_tip_joint', 'l_gripper_l_finger_tip_joint', 'l_gripper_motor_screw_joint', 'l_gripper_motor_slider_joint']
position: [-5.120174521699994e-06, 0.05722149632002171, 0.05854879787458155, -5.0767546566632404e-06, 0.0637179189701218, 0.06676164482852442, 1.2621597504924864e-05, 0.04313057068995274, 0.04366678135682278, 1.254828656982454e-05, 0.0418463427272302, 0.042506955608098806, 0.011497879647281202, 0.0, -5.584914264478158e-05, 0.03063987890355424, -0.14882262961907866, -1.0041742577858361, 0.10424812902733915, 0.06138535628142261, 0.1661785366911177, -0.24449945682642316, -0.9496280400250274, 0.5946555445297852, 0.00027491257796191356, 0.0036015915125948428, 0.0036015915125948428, 0.0036015915125948428, 0.0036015915125948428, 0.0, 0.0, -0.0015624679570969136, 0.00011099693275440359, 0.0010814562014438422, -0.001200225240509667, -0.32579895393249725, -0.46416453177322126, -0.00010704188495935796, 2.1528366471419984e-05, 0.002213976259767797, 0.002213976259767797, 0.002213976259767797, 0.002213976259767797, 0.0, 0.0]
velocity: [-2.4183977029279352e-05, 2.1961942265715803e-05, -1.3619822417475326e-05, -8.405875126007707e-05, 5.8019402958113554e-05, -5.930294603373196e-05, 0.00011421116655735913, -7.799819174625438e-05, 7.584268787585145e-05, -9.827865126462924e-05, 7.019991638892093e-05, -6.779120514479802e-05, -2.4145428552468567e-05, 0.0, 6.900885499729888e-06, -5.810060658567834e-06, 7.971800641828801e-06, 0.00012221978957927538, -4.760554377380146e-06, 0.00012136130052602589, -0.00011383107270826878, -8.209936743322732e-05, -1.8718989891279683e-06, -6.469657087867988e-05, 1.3688498688556373e-06, 7.496615835063109e-06, 7.496615835063109e-06, 7.496615835063109e-06, 7.496615835063109e-06, 0.0, 0.0, -3.080344586684249e-05, -4.1068972155183437e-07, 0.00015114570339373664, 3.233136452236866e-05, -0.00019416720896277796, 4.248059897134602e-05, -5.799025057373799e-06, 1.260464001334515e-07, 6.902400888518208e-07, 6.902400888518208e-07, 6.902400888518208e-07, 6.902400888518208e-07, 0.0, 0.0]
effort: [-0.0039454124335202255, 0.000966229519769505, -0.000977990644804505, -0.0031345003548897557, 0.0007787772253157357, -0.0007479809201940681, 0.008968371446819189, -0.0022460634764057477, 0.002188881063352054, -0.009148406884339343, 0.002281425493835238, -0.002224912856876917, 0.0, 0.0, -0.00018443927387824945, -0.37657795185458287, 0.00042058711345684227, 2.5053656382361907e-05, -9.204490242162933e-05, 0.0024271123077443738, -2.2494965331992366e-05, -0.00016424781873613598, -6.916008782976265e-07, -1.2540539937662789e-05, 0.0, 0.0, 0.0, 0.0, 0.0, 0.0, 0.0, -5.995086451166578e-06, -4.828217705371868e-06, 0.003023426762927504, 5.731477967607553e-06, -0.00038825522341600846, 8.648754479544855e-06, -6.369573776790247e-07, 0.0, 0.0, 0.0, 0.0, 0.0, 0.0, 0.0]
